80 1.9896524522582405E-5
354 2.8788129691466025E-5
220 4.420149050242713E-5
937 4.965371391368325E-5
1027 5.4635569107214596E-5
680 5.630189562708314E-5
1503 5.65691164219678E-5
184 7.345822845623699E-5
754 7.463734149483456E-5
1049 7.59151953579913E-5
1091 8.887669829028728E-5
11 9.153301556129296E-5
200 1.000821463876082E-4
173 1.088229577055684E-4
1282 1.1147257943874866E-4
1195 1.251707044847613E-4
1084 1.2860430030384022E-4
725 1.310036069899767E-4
752 1.363947637798287E-4
1488 1.3713955701180996E-4
687 1.4331180999383448E-4
567 1.8143536877787429E-4
943 1.9991092875255555E-4
675 2.0111407556008736E-4
872 2.261146844908864E-4
1106 2.336114575632829E-4
717 2.3830908990158775E-4
475 2.3988500645274015E-4
1141 2.489701070973633E-4
753 2.6390152625833035E-4
552 2.749551384063016E-4
695 2.853194668258554E-4
1391 2.8657846377367155E-4
1307 3.090774517077814E-4
68 3.1928643556138503E-4
172 3.1928643556138503E-4
896 3.1928643556138503E-4
926 3.2532143784074424E-4
358 3.308944277725975E-4
309 3.319337946392718E-4
598 3.395587625659502E-4
610 3.439520859730329E-4
625 3.480092439445396E-4
85 3.562485944023363E-4
834 3.578556264568887E-4
75 3.636010347920537E-4
1277 4.1307606583300627E-4
453 4.3339531421300744E-4
835 4.369218416411217E-4
1415 4.446953303845061E-4
823 4.476216711528464E-4
1494 4.651528102429987E-4
469 4.8137414024344497E-4
46 4.923618026374067E-4
589 5.395716994964442E-4
157 5.552051641275419E-4
679 5.584292838877815E-4
666 5.67764437074135E-4
52 6.36892522591212E-4
1194 6.407505558743812E-4
1299 6.572715218606533E-4
43 6.600574548199498E-4
123 6.611962850717963E-4
1205 6.822540933374387E-4
397 6.982401245923981E-4
422 7.040027722899933E-4
516 7.052593777974077E-4
1240 7.13927483662982E-4
377 7.385900326684518E-4
604 7.745877234167525E-4
841 7.784001130519551E-4
1094 8.221792992512818E-4
1272 8.578503243648894E-4
31 8.779189854531536E-4
1191 8.793960937005102E-4
207 9.232100111077592E-4
471 9.506115125200867E-4
554 0.001006573098574933
1357 0.0010110330509415046
104 0.0010601863982399346
14 0.0010661052299039454
881 0.001088929222979182
967 0.001113506653787398
743 0.0011271200197615796
274 0.0011471995201123046
1165 0.0011777070532618288
716 0.0012200268982401152
1053 0.001261223284742004
26 0.001267844167982809
691 0.0012807288415362442
392 0.0012835599192050678
378 0.0012920103914432842
1110 0.0012935564044978683
861 0.0013081150759477753
86 0.0013089737138314017
684 0.0013295211151620836
1412 0.0013465927578132557
1455 0.0013531211970205482
204 0.0013555370818513933
913 0.0013817818366733744
1424 0.0013881846269232793
486 0.0013961924058043865
1393 0.0014129959907947856
710 0.001432556524231184
1324 0.0014431583639020389
